Vertex Count: 534

Data:
-0.961729 1.131602 -0.250477 0.169394 0.001592994 0 0.921195 -0.389101
-0.774382 1.131602 -0.250477 0.169396 0.189244 0 0.921195 -0.389101
-0.774382 1.034893 -0.408674 0.291523 0.189243 0 0.69422 -0.719763
-0.961729 0.862051 -0.505939 0.423373 0.001590014 0 0.253965 -0.967214
-0.774382 0.862051 -0.505939 0.423375 0.189242 0 0.253965 -0.967214
-0.774382 0 -0.506786 0.999808 0.189236 0 0.000982 -1
0.961729 0.862051 0.505939 0.420665 0.001155019 0 0.253964 0.967214
0.774382 0.862051 0.505939 0.420667 0.189136 0 0.253964 0.967214
0.774382 0 0.506786 0.999955 0.189122 0 0.000982 1
0.774382 1.174867 0.081469 0.056325 0.189145 0 0.992159 0.124979
0.774382 1.131602 0.250477 0.171548 0.189143 0 0.921195 0.389101
0.961729 1.131602 0.250477 0.171546 0.001161993 0 0.921195 0.389101
0.774382 1.131602 -0.250477 -0.168605 0.189149 0 0.921195 -0.389101
0.774382 1.174867 -0.081469 -0.05214 0.189148 0 0.992159 -0.12498
0.961729 1.174867 -0.081469 -0.052142 0.001166999 0 0.992159 -0.12498
0.774382 1.131602 0.250477 0.171548 0.189143 0 0.921195 0.389101
0.774382 1.034893 0.408675 0.291435 0.18914 0 0.69422 0.719763
0.961729 1.034893 0.408675 0.291433 0.001159012 0 0.69422 0.719763
-0.774382 1.034893 -0.408674 0.291523 0.189243 0 0.69422 -0.719763
-0.774382 0.862051 -0.505939 0.423375 0.189242 0 0.253965 -0.967214
-0.961729 0.862051 -0.505939 0.423373 0.001590014 0 0.253965 -0.967214
0.774382 1.034893 0.408675 0.291435 0.18914 0 0.69422 0.719763
0.774382 0.862051 0.505939 0.420667 0.189136 0 0.253964 0.967214
0.961729 0.862051 0.505939 0.420665 0.001155019 0 0.253964 0.967214
0.774382 1.174867 -0.081469 -0.05214 0.189148 0 0.992159 -0.12498
0.774382 1.174867 0.081469 0.056325 0.189145 0 0.992159 0.124979
0.961729 1.174867 0.081469 0.056323 0.001164019 0 0.992159 0.124979
0.774382 1.131602 -0.250477 -0.168605 0.189149 0 0.921195 -0.389101
0.961729 1.131602 -0.250477 -0.168606 0.001168013 0 0.921195 -0.389101
0.961729 1.034893 -0.408674 -0.290736 0.001169026 0 0.69422 -0.719763
0.774382 0.862051 -0.505939 -0.42259 0.189152 0 0.253965 -0.967214
0.961729 0.862051 -0.505939 -0.422592 0.001170993 0 0.253965 -0.967214
0.961729 0 -0.506786 -0.99904 0.001176 0 0.000982 -1
-0.774382 0.862051 0.505939 -0.41986 0.189256 0 0.253964 0.967214
-0.961729 0.862051 0.505939 -0.419862 0.001604974 0 0.253964 0.967214
-0.961729 0 0.506786 -0.999134 0.001618981 0 0.000982 1
-0.774382 1.174867 0.081469 -0.055528 0.189247 0 0.992159 0.124979
-0.961729 1.174867 0.081469 -0.05553 0.00159502 0 0.992159 0.124979
-0.961729 1.131602 0.250477 -0.170749 0.001599014 0 0.921195 0.389101
-0.774382 1.131602 -0.250477 0.169396 0.189244 0 0.921195 -0.389101
-0.961729 1.131602 -0.250477 0.169394 0.001592994 0 0.921195 -0.389101
-0.961729 1.174867 -0.081469 0.052933 0.001594007 0 0.992159 -0.12498
-0.774382 1.131602 0.250477 -0.170747 0.189251 0 0.921195 0.389101
-0.961729 1.131602 0.250477 -0.170749 0.001599014 0 0.921195 0.389101
-0.961729 1.034893 0.408675 -0.290634 0.001601994 0 0.69422 0.719763
0.774382 1.034893 -0.408674 -0.290735 0.18915 0 0.69422 -0.719763
0.961729 1.034893 -0.408674 -0.290736 0.001169026 0 0.69422 -0.719763
0.961729 0.862051 -0.505939 -0.422592 0.001170993 0 0.253965 -0.967214
-0.774382 1.034893 0.408675 -0.290632 0.189253 0 0.69422 0.719763
-0.961729 1.034893 0.408675 -0.290634 0.001601994 0 0.69422 0.719763
-0.961729 0.862051 0.505939 -0.419862 0.001604974 0 0.253964 0.967214
-0.774382 1.174867 -0.081469 0.052934 0.189245 0 0.992159 -0.12498
-0.961729 1.174867 -0.081469 0.052933 0.001594007 0 0.992159 -0.12498
-0.961729 1.174867 0.081469 -0.05553 0.00159502 0 0.992159 0.124979
-0.774382 1.107705 -0.240432 1.621728 0.425001 0 0.921875 -0.387488
-0.387036 1.107705 -0.240432 1.483708 0.425002 0 0.921875 -0.387488
-0.387036 1.016869 -0.390045 1.483708 0.509421 0 0.695315 -0.718706
-0.774382 0.855481 -0.480865 1.621728 0.600561 0 0.25349 -0.967338
-0.387036 0.855481 -0.480865 1.483708 0.600562 0 0.25349 -0.967338
-0.387036 0 -0.480865 1.483709 0.999015 0 0 -1
0.774382 0.855481 0.480865 1.621727 0.598511 0 0.25349 0.967338
0.387036 0.855481 0.480865 1.483707 0.598513 0 0.25349 0.967338
0.387036 0 0.480865 1.48371 0.998927 0 0 1
0.774382 1.149148 0.078235 1.621725 0.34667 0 0.992188 0.124752
0.387036 1.149148 0.078235 1.483705 0.346673 0 0.992188 0.124752
0.387036 1.107705 0.240432 1.483705 0.426317 0 0.921875 0.387488
0.774382 1.107705 -0.240432 1.069868 0.425006 0 0.921875 -0.387488
0.387036 1.107705 -0.240432 1.207888 0.425005 0 0.921875 -0.387488
0.387036 1.149148 -0.078235 1.207888 0.344503 0 0.992188 -0.124752
0.774382 1.107705 0.240432 1.621725 0.426314 0 0.921875 0.387488
0.387036 1.107705 0.240432 1.483705 0.426317 0 0.921875 0.387488
0.387036 1.016869 0.390045 1.483706 0.509185 0 0.695315 0.718706
-0.774382 1.016869 -0.390045 1.621728 0.50942 0 0.695315 -0.718706
-0.387036 1.016869 -0.390045 1.483708 0.509421 0 0.695315 -0.718706
-0.387036 0.855481 -0.480865 1.483708 0.600562 0 0.25349 -0.967338
0.774382 1.016869 0.390045 1.621726 0.509183 0 0.695315 0.718706
0.387036 1.016869 0.390045 1.483706 0.509185 0 0.695315 0.718706
0.387036 0.855481 0.480865 1.483707 0.598513 0 0.25349 0.967338
0.774382 1.149148 -0.078235 1.621724 0.332073 0 0.992188 -0.124752
0.387036 1.149148 -0.078235 1.483704 0.332076 0 0.992188 -0.124752
0.387036 1.149148 0.078235 1.483705 0.407049 0 0.992188 0.124752
0.387036 1.107705 -0.240432 1.207888 0.425005 0 0.921875 -0.387488
0.774382 1.107705 -0.240432 1.069868 0.425006 0 0.921875 -0.387488
0.774382 1.016869 -0.390045 1.069868 0.509425 0 0.695315 -0.718706
0.387036 0.855481 -0.480865 1.207889 0.600565 0 0.25349 -0.967338
0.774382 0.855481 -0.480865 1.069868 0.600566 0 0.25349 -0.967338
0.774382 0 -0.480865 1.069869 0.999018 0 0 -1
-0.387036 0.855481 0.480865 1.207887 0.598518 0 0.25349 0.967338
-0.774382 0.855481 0.480865 1.069867 0.59852 0 0.25349 0.967338
-0.774382 0 0.480865 1.06987 0.998934 0 0 1
-0.387036 1.149148 0.078235 1.207885 0.346677 0 0.992188 0.124752
-0.774382 1.149148 0.078235 1.069865 0.346679 0 0.992188 0.124752
-0.774382 1.107705 0.240432 1.069866 0.426324 0 0.921875 0.387488
-0.387036 1.107705 -0.240432 1.483708 0.425002 0 0.921875 -0.387488
-0.774382 1.107705 -0.240432 1.621728 0.425001 0 0.921875 -0.387488
-0.774382 1.149148 -0.078235 1.621728 0.344499 0 0.992188 -0.124752
-0.387036 1.107705 0.240432 1.207886 0.426321 0 0.921875 0.387488
-0.774382 1.107705 0.240432 1.069866 0.426324 0 0.921875 0.387488
-0.774382 1.016869 0.390045 1.069866 0.509192 0 0.695315 0.718706
0.387036 1.016869 -0.390045 1.207888 0.509424 0 0.695315 -0.718706
0.774382 1.016869 -0.390045 1.069868 0.509425 0 0.695315 -0.718706
0.774382 0.855481 -0.480865 1.069868 0.600566 0 0.25349 -0.967338
-0.387036 1.016869 0.390045 1.207886 0.50919 0 0.695315 0.718706
-0.774382 1.016869 0.390045 1.069866 0.509192 0 0.695315 0.718706
-0.774382 0.855481 0.480865 1.069867 0.59852 0 0.25349 0.967338
-0.387036 1.149148 -0.078235 1.207884 0.33208 0 0.992188 -0.124752
-0.774382 1.149148 -0.078235 1.069864 0.332082 0 0.992188 -0.124752
-0.774382 1.149148 0.078235 1.069865 0.407056 0 0.992188 0.124752
0.263445 1.107705 -0.240432 1.251927 0.425005 0 0.921875 -0.387488
0.263445 1.016869 -0.390045 1.251927 0.509423 0 0.695315 -0.718706
-0.263445 1.016869 -0.390045 1.43967 0.509421 0 0.695315 -0.718706
0.263445 0.855481 -0.480865 1.251927 0.600564 0 0.25349 -0.967338
0.263445 0 -0.480865 1.251927 0.999017 0 0 -1
-0.263445 0 -0.480865 1.43967 0.999015 0 0 -1
-0.263445 0.855481 0.480865 1.251926 0.598517 0 0.25349 0.967338
-0.263445 0 0.480865 1.251929 0.998931 0 0 1
0.263445 0 0.480865 1.439672 0.998928 0 0 1
-0.263445 1.149148 0.078235 1.251923 0.346677 0 0.992188 0.124752
-0.263445 1.107705 0.240432 1.251924 0.426321 0 0.921875 0.387488
0.263445 1.107705 0.240432 1.439667 0.426317 0 0.921875 0.387488
-0.263445 1.107705 -0.240432 1.439669 0.425003 0 0.921875 -0.387488
-0.263445 1.149148 -0.078235 1.439669 0.3445 0 0.992188 -0.124752
0.263445 1.149148 -0.078235 1.251927 0.344502 0 0.992188 -0.124752
-0.263445 1.107705 0.240432 1.251924 0.426321 0 0.921875 0.387488
-0.263445 1.016869 0.390045 1.251925 0.509189 0 0.695315 0.718705
0.263445 1.016869 0.390045 1.439668 0.509186 0 0.695315 0.718706
0.263445 1.016869 -0.390045 1.251927 0.509423 0 0.695315 -0.718706
0.263445 0.855481 -0.480865 1.251927 0.600564 0 0.25349 -0.967338
-0.263445 0.855481 -0.480865 1.43967 0.600563 0 0.25349 -0.967338
-0.263445 1.016869 0.390045 1.251925 0.509189 0 0.695315 0.718705
-0.263445 0.855481 0.480865 1.251926 0.598517 0 0.25349 0.967338
0.263445 0.855481 0.480865 1.439669 0.598514 0 0.25349 0.967338
-0.263445 1.149148 -0.078235 1.251923 0.33208 0 0.992188 -0.124752
-0.263445 1.149148 0.078235 1.251923 0.407053 0 0.992188 0.124752
0.263445 1.149148 0.078235 1.439666 0.40705 0 0.992188 0.124752
-0.263445 1.118095 -0.244799 0.415498 0.21961 0 0.92157 -0.388211
-0.263445 1.024706 -0.398145 0.354454 0.21961 0 0.694824 -0.71918
-0.387036 1.024706 -0.398145 0.354454 0.312789 0 0.694824 -0.71918
-0.263445 0.858337 -0.491767 0.288549 0.21961 0 0.253697 -0.967284
-0.263445 0 -0.492135 0.000424 0.219611 0 0.000429 -1
-0.387036 0 -0.492135 0.000424 0.31279 0 0.000429 -1
0.263445 0.858337 0.491767 0.710041 0.312507 0 0.253697 0.967284
0.263445 0 0.492135 0.999568 0.3125 0 0.000429 1
0.387036 0 0.492135 0.999567 0.219537 0 0.000429 1
0.263445 1.16033 0.079641 0.527943 0.312512 0 0.992175 0.124853
0.263445 1.118095 0.244799 0.585531 0.31251 0 0.92157 0.388211
0.387036 1.118095 0.244799 0.58553 0.219548 0 0.92157 0.388211
0.263445 1.118095 -0.244799 0.415523 0.312514 0 0.92157 -0.388211
0.263445 1.16033 -0.079641 0.473732 0.312513 0 0.992175 -0.124854
0.387036 1.16033 -0.079641 0.473732 0.21955 0 0.992175 -0.124854
0.263445 1.118095 0.244799 0.585531 0.31251 0 0.92157 0.388211
0.263445 1.024706 0.398145 0.645451 0.312509 0 0.694824 0.71918
0.387036 1.024706 0.398145 0.64545 0.219546 0 0.694824 0.71918
-0.263445 1.024706 -0.398145 0.354454 0.21961 0 0.694824 -0.71918
-0.263445 0.858337 -0.491767 0.288549 0.21961 0 0.253697 -0.967284
-0.387036 0.858337 -0.491767 0.288549 0.312789 0 0.253697 -0.967284
0.263445 1.024706 0.398145 0.645451 0.312509 0 0.694824 0.71918
0.263445 0.858337 0.491767 0.710041 0.312507 0 0.253697 0.967284
0.387036 0.858337 0.491767 0.71004 0.219544 0 0.253697 0.967284
0.263445 1.16033 -0.079641 0.473732 0.312513 0 0.992175 -0.124854
0.263445 1.16033 0.079641 0.527943 0.312512 0 0.992175 0.124853
0.387036 1.16033 0.079641 0.527942 0.219549 0 0.992175 0.124853
0.387036 1.118095 -0.244799 0.415523 0.21955 0 0.92157 -0.388211
0.387036 1.024706 -0.398145 0.354483 0.21955 0 0.694824 -0.71918
0.263445 1.024706 -0.398145 0.354483 0.312514 0 0.694824 -0.71918
0.387036 0.858337 -0.491767 0.288581 0.219551 0 0.253697 -0.967284
0.387036 0 -0.492135 0.000473 0.219552 0 0.000429 -1
0.263445 0 -0.492135 0.000473 0.312515 0 0.000429 -1
-0.387036 0.858337 0.491767 0.710032 0.312782 0 0.253697 0.967284
-0.387036 0 0.492135 0.999576 0.312775 0 0.000429 1
-0.263445 0 0.492135 0.999575 0.219596 0 0.000429 1
-0.387036 1.16033 0.079641 0.527924 0.312787 0 0.992175 0.124853
-0.387036 1.118095 0.244799 0.585515 0.312785 0 0.92157 0.388211
-0.263445 1.118095 0.244799 0.585515 0.219606 0 0.92157 0.388211
-0.387036 1.118095 -0.244799 0.415498 0.312788 0 0.92157 -0.388211
-0.387036 1.16033 -0.079641 0.47371 0.312788 0 0.992175 -0.124854
-0.263445 1.16033 -0.079641 0.47371 0.219609 0 0.992175 -0.124854
-0.387036 1.118095 0.244799 0.585515 0.312785 0 0.92157 0.388211
-0.387036 1.024706 0.398145 0.645438 0.312784 0 0.694824 0.71918
-0.263445 1.024706 0.398145 0.645438 0.219606 0 0.694824 0.71918
0.387036 1.024706 -0.398145 0.354483 0.21955 0 0.694824 -0.71918
0.387036 0.858337 -0.491767 0.288581 0.219551 0 0.253697 -0.967284
0.263445 0.858337 -0.491767 0.288581 0.312514 0 0.253697 -0.967284
-0.387036 1.024706 0.398145 0.645438 0.312784 0 0.694824 0.71918
-0.387036 0.858337 0.491767 0.710032 0.312782 0 0.253697 0.967284
-0.263445 0.858337 0.491767 0.710032 0.219604 0 0.253697 0.967284
-0.387036 1.16033 -0.079641 0.47371 0.312788 0 0.992175 -0.124854
-0.387036 1.16033 0.079641 0.527924 0.312787 0 0.992175 0.124853
-0.263445 1.16033 0.079641 0.527923 0.219608 0 0.992175 0.124853
-0.387036 1.024706 -0.398145 0.354454 0.312789 -1 0 0
-0.387036 1.016869 -0.390045 1.483708 0.509421 -1 0 0
-0.387036 1.107705 -0.240432 1.483708 0.425002 -1 0 0
-0.387036 0.858337 -0.491767 0.288549 0.312789 -1 0 0
-0.387036 0.855481 -0.480865 1.483708 0.600562 -1 0 0
-0.387036 1.016869 -0.390045 1.483708 0.509421 -1 0 0
-0.387036 0 -0.492135 0.000424 0.31279 -1 0 0
-0.387036 0 -0.480865 1.483709 0.999015 -1 0 0
-0.387036 0.855481 -0.480865 1.483708 0.600562 -1 0 0
-0.263445 0.858337 -0.491767 0.288549 0.21961 1 0 0
-0.263445 0.855481 -0.480865 1.43967 0.600563 1 0 0
-0.263445 0 -0.480865 1.43967 0.999015 1 0 0
-0.263445 1.024706 -0.398145 0.354454 0.21961 1 0 0
-0.263445 1.016869 -0.390045 1.43967 0.509421 1 0 0
-0.263445 0.855481 -0.480865 1.43967 0.600563 1 0 0
-0.263445 1.118095 -0.244799 0.415498 0.21961 1 0 0
-0.263445 1.107705 -0.240432 1.439669 0.425003 1 0 0
-0.263445 1.016869 -0.390045 1.43967 0.509421 1 0 0
-0.263445 1.16033 -0.079641 0.47371 0.219609 1 0 0
-0.263445 1.149148 -0.078235 1.439669 0.3445 1 0 0
-0.263445 1.107705 -0.240432 1.439669 0.425003 1 0 0
-0.263445 1.16033 0.079641 0.527923 0.219608 1 0 0
-0.263445 1.149148 0.078235 1.251923 0.407053 1 0 0
-0.263445 1.149148 -0.078235 1.251923 0.33208 1 0 0
-0.263445 1.118095 0.244799 0.585515 0.219606 1 0 0
-0.263445 1.107705 0.240432 1.251924 0.426321 1 0 0
-0.263445 1.149148 0.078235 1.251923 0.346677 1 0 0
-0.263445 1.024706 0.398145 0.645438 0.219606 1 0 0
-0.263445 1.016869 0.390045 1.251925 0.509189 1 0 0
-0.263445 1.107705 0.240432 1.251924 0.426321 1 0 0
-0.263445 0.858337 0.491767 0.710032 0.219604 1 0 0
-0.263445 0.855481 0.480865 1.251926 0.598517 1 0 0
-0.263445 1.016869 0.390045 1.251925 0.509189 1 0 0
-0.263445 0 0.492135 0.999575 0.219596 1 0 0
-0.263445 0 0.480865 1.251929 0.998931 1 0 0
-0.263445 0.855481 0.480865 1.251926 0.598517 1 0 0
-0.387036 0.858337 0.491767 0.710032 0.312782 -1 0 0
-0.387036 0.855481 0.480865 1.207887 0.598518 -1 0 0
-0.387036 0 0.480865 1.207891 0.998932 -1 0 0
-0.387036 1.024706 0.398145 0.645438 0.312784 -1 0 0
-0.387036 1.016869 0.390045 1.207886 0.50919 -1 0 0
-0.387036 0.855481 0.480865 1.207887 0.598518 -1 0 0
-0.387036 1.118095 0.244799 0.585515 0.312785 -1 0 0
-0.387036 1.107705 0.240432 1.207886 0.426321 -1 0 0
-0.387036 1.016869 0.390045 1.207886 0.50919 -1 0 0
-0.387036 1.16033 0.079641 0.527924 0.312787 -1 0 0
-0.387036 1.149148 0.078235 1.207885 0.346677 -1 0 0
-0.387036 1.107705 0.240432 1.207886 0.426321 -1 0 0
-0.387036 1.16033 -0.079641 0.47371 0.312788 -1 0 0
-0.387036 1.149148 -0.078235 1.207884 0.33208 -1 0 0
-0.387036 1.149148 0.078235 1.207885 0.407054 -1 0 0
-0.387036 1.118095 -0.244799 0.415498 0.312788 -1 0 0
-0.387036 1.107705 -0.240432 1.483708 0.425002 -1 0 0
-0.387036 1.149148 -0.078235 1.483708 0.3445 -1 0 0
0.387036 0 0.492135 0.999567 0.219537 1 0 0
0.387036 0 0.480865 1.48371 0.998927 1 0 0
0.387036 0.855481 0.480865 1.483707 0.598513 1 0 0
0.263445 0.858337 0.491767 0.710041 0.312507 -1 0 0
0.263445 0.855481 0.480865 1.439669 0.598514 -1 0 0
0.263445 0 0.480865 1.439672 0.998928 -1 0 0
0.263445 1.024706 0.398145 0.645451 0.312509 -1 0 0
0.263445 1.016869 0.390045 1.439668 0.509186 -1 0 0
0.263445 0.855481 0.480865 1.439669 0.598514 -1 0 0
0.263445 1.118095 0.244799 0.585531 0.31251 -1 0 0
0.263445 1.107705 0.240432 1.439667 0.426317 -1 0 0
0.263445 1.016869 0.390045 1.439668 0.509186 -1 0 0
0.263445 1.16033 0.079641 0.527943 0.312512 -1 0 0
0.263445 1.149148 0.078235 1.439666 0.346673 -1 0 0
0.263445 1.107705 0.240432 1.439667 0.426317 -1 0 0
0.263445 1.16033 -0.079641 0.473732 0.312513 -1 0 0
0.263445 1.149148 -0.078235 1.439666 0.332076 -1 0 0
0.263445 1.149148 0.078235 1.439666 0.40705 -1 0 0
0.263445 1.118095 -0.244799 0.415523 0.312514 -1 0 0
0.263445 1.107705 -0.240432 1.251927 0.425005 -1 0 0
0.263445 1.149148 -0.078235 1.251927 0.344502 -1 0 0
0.263445 1.024706 -0.398145 0.354483 0.312514 -1 0 0
0.263445 1.016869 -0.390045 1.251927 0.509423 -1 0 0
0.263445 1.107705 -0.240432 1.251927 0.425005 -1 0 0
0.263445 0.858337 -0.491767 0.288581 0.312514 -1 0 0
0.263445 0.855481 -0.480865 1.251927 0.600564 -1 0 0
0.263445 1.016869 -0.390045 1.251927 0.509423 -1 0 0
0.263445 0 -0.492135 0.000473 0.312515 -1 0 0
0.263445 0 -0.480865 1.251927 0.999017 -1 0 0
0.263445 0.855481 -0.480865 1.251927 0.600564 -1 0 0
0.387036 0.858337 -0.491767 0.288581 0.219551 1 0 0
0.387036 0.855481 -0.480865 1.207889 0.600565 1 0 0
0.387036 0 -0.480865 1.207889 0.999017 1 0 0
0.387036 1.024706 -0.398145 0.354483 0.21955 1 0 0
0.387036 1.016869 -0.390045 1.207888 0.509424 1 0 0
0.387036 0.855481 -0.480865 1.207889 0.600565 1 0 0
0.387036 1.118095 -0.244799 0.415523 0.21955 1 0 0
0.387036 1.107705 -0.240432 1.207888 0.425005 1 0 0
0.387036 1.016869 -0.390045 1.207888 0.509424 1 0 0
0.387036 1.16033 -0.079641 0.473732 0.21955 1 0 0
0.387036 1.149148 -0.078235 1.207888 0.344503 1 0 0
0.387036 1.107705 -0.240432 1.207888 0.425005 1 0 0
0.387036 1.16033 0.079641 0.527942 0.219549 1 0 0
0.387036 1.149148 0.078235 1.483705 0.407049 1 0 0
0.387036 1.149148 -0.078235 1.483704 0.332076 1 0 0
0.387036 1.118095 0.244799 0.58553 0.219548 1 0 0
0.387036 1.107705 0.240432 1.483705 0.426317 1 0 0
0.387036 1.149148 0.078235 1.483705 0.346673 1 0 0
0.387036 1.024706 0.398145 0.64545 0.219546 1 0 0
0.387036 1.016869 0.390045 1.483706 0.509185 1 0 0
0.387036 1.107705 0.240432 1.483705 0.426317 1 0 0
0.387036 0.858337 0.491767 0.71004 0.219544 1 0 0
0.387036 0.855481 0.480865 1.483707 0.598513 1 0 0
0.387036 1.016869 0.390045 1.483706 0.509185 1 0 0
-0.961729 0.840891 0.42535 0.164586 1.005372 -1 0 0
-0.961729 0.977066 0.348719 0.079271 0.956353 -1 0 0
-0.961729 1.056512 0.21876 0.029498 0.87322 -1 0 0
-0.961729 9.6E-05 -0.426097 0.691354 0.460719 -1 0 0
-0.961729 9.6E-05 0.426097 0.691354 1.00585 -1 0 0
-0.961729 0.840891 0.42535 0.164586 1.005372 -1 0 0
-0.961729 0.977066 -0.348719 0.079271 0.510216 -1 0 0
-0.961729 0.840891 -0.42535 0.164586 0.461196 -1 0 0
-0.961729 9.6E-05 -0.426097 0.691354 0.460719 -1 0 0
-0.961729 1.056512 -0.218759 0.029498 0.593348 -1 0 0
-0.961729 1.056512 0.21876 0.029498 0.87322 -1 0 0
-0.961729 1.094257 0.071315 0.00585 0.778903 -1 0 0
-0.774382 0.862051 -0.505939 0.423375 0.189242 1 0 0
-0.774382 0.855481 -0.480865 1.621728 0.600561 1 0 0
-0.774382 0 -0.480865 1.621729 0.999013 1 0 0
-0.774382 1.034893 -0.408674 0.291523 0.189243 1 0 0
-0.774382 1.016869 -0.390045 1.621728 0.50942 1 0 0
-0.774382 0.855481 -0.480865 1.621728 0.600561 1 0 0
-0.774382 1.131602 -0.250477 0.169396 0.189244 1 0 0
-0.774382 1.107705 -0.240432 1.621728 0.425001 1 0 0
-0.774382 1.016869 -0.390045 1.621728 0.50942 1 0 0
-0.774382 1.174867 -0.081469 0.052934 0.189245 1 0 0
-0.774382 1.149148 -0.078235 1.621728 0.344499 1 0 0
-0.774382 1.107705 -0.240432 1.621728 0.425001 1 0 0
-0.774382 1.174867 0.081469 -0.055528 0.189247 1 0 0
-0.774382 1.149148 0.078235 1.069865 0.407056 1 0 0
-0.774382 1.149148 -0.078235 1.069864 0.332082 1 0 0
-0.774382 1.131602 0.250477 -0.170747 0.189251 1 0 0
-0.774382 1.107705 0.240432 1.069866 0.426324 1 0 0
-0.774382 1.149148 0.078235 1.069865 0.346679 1 0 0
-0.774382 1.034893 0.408675 -0.290632 0.189253 1 0 0
-0.774382 1.016869 0.390045 1.069866 0.509192 1 0 0
-0.774382 1.107705 0.240432 1.069866 0.426324 1 0 0
-0.774382 0.862051 0.505939 -0.41986 0.189256 1 0 0
-0.774382 0.855481 0.480865 1.069867 0.59852 1 0 0
-0.774382 1.016869 0.390045 1.069866 0.509192 1 0 0
-0.774382 0 0.506786 -0.999132 0.18927 1 0 0
-0.774382 0 0.480865 1.06987 0.998934 1 0 0
-0.774382 0.855481 0.480865 1.069867 0.59852 1 0 0
0.961729 0.840891 -0.42535 0.164587 0.461196 1 0 0
0.961729 0.977066 -0.348719 0.079272 0.510216 1 0 0
0.961729 1.056512 -0.218759 0.029498 0.593348 1 0 0
0.961729 9.6E-05 0.426097 0.691354 1.00585 1 0 0
0.961729 9.6E-05 -0.426097 0.691354 0.460719 1 0 0
0.961729 0.840891 -0.42535 0.164587 0.461196 1 0 0
0.961729 0.977066 0.348719 0.079272 0.956353 1 0 0
0.961729 0.840891 0.42535 0.164587 1.005372 1 0 0
0.961729 9.6E-05 0.426097 0.691354 1.00585 1 0 0
0.961729 1.056512 0.21876 0.029498 0.87322 1 0 0
0.961729 1.056512 -0.218759 0.029498 0.593348 1 0 0
0.961729 1.094257 -0.071315 0.00585 0.687665 1 0 0
0.774382 0.862051 0.505939 0.420667 0.189136 -1 0 0
0.774382 0.855481 0.480865 1.621727 0.598511 -1 0 0
0.774382 0 0.480865 1.621731 0.998925 -1 0 0
0.774382 1.034893 0.408675 0.291435 0.18914 -1 0 0
0.774382 1.016869 0.390045 1.621726 0.509183 -1 0 0
0.774382 0.855481 0.480865 1.621727 0.598511 -1 0 0
0.774382 1.131602 0.250477 0.171548 0.189143 -1 0 0
0.774382 1.107705 0.240432 1.621725 0.426314 -1 0 0
0.774382 1.016869 0.390045 1.621726 0.509183 -1 0 0
0.774382 1.174867 0.081469 0.056325 0.189145 -1 0 0
0.774382 1.149148 0.078235 1.621725 0.34667 -1 0 0
0.774382 1.107705 0.240432 1.621725 0.426314 -1 0 0
0.774382 1.174867 -0.081469 -0.05214 0.189148 -1 0 0
0.774382 1.149148 -0.078235 1.621724 0.332073 -1 0 0
0.774382 1.149148 0.078235 1.621725 0.407047 -1 0 0
0.774382 1.131602 -0.250477 -0.168605 0.189149 -1 0 0
0.774382 1.107705 -0.240432 1.069868 0.425006 -1 0 0
0.774382 1.149148 -0.078235 1.069868 0.344504 -1 0 0
0.774382 1.034893 -0.408674 -0.290735 0.18915 -1 0 0
0.774382 1.016869 -0.390045 1.069868 0.509425 -1 0 0
0.774382 1.107705 -0.240432 1.069868 0.425006 -1 0 0
0.774382 0.862051 -0.505939 -0.42259 0.189152 -1 0 0
0.774382 0.855481 -0.480865 1.069868 0.600566 -1 0 0
0.774382 1.016869 -0.390045 1.069868 0.509425 -1 0 0
0.774382 0 -0.506786 -0.999039 0.189157 -1 0 0
0.774382 0 -0.480865 1.069869 0.999018 -1 0 0
0.774382 0.855481 -0.480865 1.069868 0.600566 -1 0 0
-0.961729 0.840891 0.42535 -0.419862 0.191871 -1 0 0
-0.961729 9.6E-05 0.426097 -0.999134 0.191885 -1 0 0
-0.961729 0 0.506786 -0.999134 0.001618981 -1 0 0
-0.961729 0.977066 0.348719 -0.290634 0.191868 -1 0 0
-0.961729 0.840891 0.42535 -0.419862 0.191871 -1 0 0
-0.961729 0.862051 0.505939 -0.419862 0.001604974 -1 0 0
-0.961729 1.056512 0.21876 -0.170749 0.191865 -1 0 0
-0.961729 0.977066 0.348719 -0.290634 0.191868 -1 0 0
-0.961729 1.034893 0.408675 -0.290634 0.001601994 -1 0 0
-0.961729 1.094257 0.071315 -0.05553 0.191861 -1 0 0
-0.961729 1.056512 0.21876 -0.170749 0.191865 -1 0 0
-0.961729 1.131602 0.250477 -0.170749 0.001599014 -1 0 0
-0.961729 1.094257 -0.071315 0.052933 0.19186 -1 0 0
-0.961729 1.094257 0.071315 -0.05553 0.191861 -1 0 0
-0.961729 1.174867 0.081469 -0.05553 0.00159502 -1 0 0
-0.961729 1.056512 -0.218759 0.169394 0.191859 -1 0 0
-0.961729 1.094257 -0.071315 0.052933 0.19186 -1 0 0
-0.961729 1.174867 -0.081469 0.052933 0.001594007 -1 0 0
-0.961729 0.977066 -0.348719 0.291521 0.191857 -1 0 0
-0.961729 1.056512 -0.218759 0.169394 0.191859 -1 0 0
-0.961729 1.131602 -0.250477 0.169394 0.001592994 -1 0 0
-0.961729 0.840891 -0.42535 0.423373 0.191856 -1 0 0
-0.961729 0.977066 -0.348719 0.291521 0.191857 -1 0 0
-0.961729 1.034893 -0.408674 0.291521 0.001591027 -1 0 0
-0.961729 9.6E-05 -0.426097 0.999807 0.19185 -1 0 0
-0.961729 0.840891 -0.42535 0.423373 0.191856 -1 0 0
-0.961729 0.862051 -0.505939 0.423373 0.001590014 -1 0 0
0.961729 0.840891 -0.42535 -0.422592 0.191437 1 0 0
0.961729 9.6E-05 -0.426097 -0.99904 0.191443 1 0 0
0.961729 0 -0.506786 -0.99904 0.001176 1 0 0
0.961729 0.977066 -0.348719 -0.290736 0.191436 1 0 0
0.961729 0.840891 -0.42535 -0.422592 0.191437 1 0 0
0.961729 0.862051 -0.505939 -0.422592 0.001170993 1 0 0
0.961729 1.056512 -0.218759 -0.168606 0.191435 1 0 0
0.961729 0.977066 -0.348719 -0.290736 0.191436 1 0 0
0.961729 1.034893 -0.408674 -0.290736 0.001169026 1 0 0
0.961729 1.094257 -0.071315 -0.052142 0.191433 1 0 0
0.961729 1.056512 -0.218759 -0.168606 0.191435 1 0 0
0.961729 1.131602 -0.250477 -0.168606 0.001168013 1 0 0
0.961729 1.094257 0.071315 0.056323 0.19143 1 0 0
0.961729 1.094257 -0.071315 -0.052142 0.191433 1 0 0
0.961729 1.174867 -0.081469 -0.052142 0.001166999 1 0 0
0.961729 1.056512 0.21876 0.171546 0.191428 1 0 0
0.961729 1.094257 0.071315 0.056323 0.19143 1 0 0
0.961729 1.174867 0.081469 0.056323 0.001164019 1 0 0
0.961729 0.977066 0.348719 0.291433 0.191425 1 0 0
0.961729 1.056512 0.21876 0.171546 0.191428 1 0 0
0.961729 1.131602 0.250477 0.171546 0.001161993 1 0 0
0.961729 0.840891 0.42535 0.420665 0.191421 1 0 0
0.961729 0.977066 0.348719 0.291433 0.191425 1 0 0
0.961729 1.034893 0.408675 0.291433 0.001159012 1 0 0
0.961729 9.6E-05 0.426097 0.999952 0.191408 1 0 0
0.961729 0.840891 0.42535 0.420665 0.191421 1 0 0
0.961729 0.862051 0.505939 0.420665 0.001155019 1 0 0
0.961729 0 0.506786 0.999952 0.001142025 0.000125 -1 -0.0009
0.774382 0 0.506786 0.999955 0.189122 0.000125 -1 -0.0009
0.774382 0 0.480865 1.621731 0.998925 0.000125 -1 -0.0009
0.774382 0 -0.506786 -0.999039 0.189157 0.000468 -1 0.000103
0.961729 0 -0.506786 -0.99904 0.001176 0.000468 -1 0.000103
0.961729 9.6E-05 -0.426097 -0.99904 0.191443 0.000468 -1 0.000103
0.774382 0 -0.480865 1.069869 0.999018 7E-06 -1 0.000104
0.774382 0 -0.506786 -0.999039 0.189157 7E-06 -1 0.000104
0.961729 9.6E-05 0.426097 0.999952 0.191408 7E-06 -1 0.000104
0.263445 0 -0.492135 0.000473 0.312515 0 -1 0
0.387036 0 -0.492135 0.000473 0.219552 0 -1 0
0.387036 0 -0.480865 1.207889 0.999017 0 -1 0
0.263445 0 -0.480865 1.251927 0.999017 7.3E-05 -1 4.9E-05
0.387036 0 -0.480865 1.207889 0.999017 7.3E-05 -1 4.9E-05
0.961729 9.6E-05 0.426097 0.999952 0.191408 7.3E-05 -1 4.9E-05
-0.387036 0 -0.492135 0.000424 0.31279 0 -1 0
-0.263445 0 -0.492135 0.000424 0.219611 0 -1 0
-0.263445 0 -0.480865 1.43967 0.999015 0 -1 0
-0.961729 0 -0.506786 0.999807 0.001583993 -0.000125 -1 0.0009
-0.774382 0 -0.506786 0.999808 0.189236 -0.000125 -1 0.0009
-0.774382 0 -0.480865 1.621729 0.999013 -0.000125 -1 0.0009
-0.961729 9.6E-05 -0.426097 0.999807 0.19185 0 -0.999999 0.001752
-0.774382 0 -0.480865 1.621729 0.999013 0 -0.999999 0.001752
-0.387036 0 -0.480865 1.483709 0.999015 0 -0.999999 0.001752
-0.961729 9.6E-05 -0.426097 0.999807 0.19185 -7.8E-05 -1 0
-0.263445 0 -0.480865 1.43967 0.999015 -7.8E-05 -1 0
0.263445 0 -0.480865 1.251927 0.999017 -7.8E-05 -1 0
-0.774382 0 0.506786 -0.999132 0.18927 -0.000468 -1 -0.000103
-0.961729 0 0.506786 -0.999134 0.001618981 -0.000468 -1 -0.000103
-0.961729 9.6E-05 0.426097 -0.999134 0.191885 -0.000468 -1 -0.000103
-0.774382 0 0.480865 1.06987 0.998934 -7E-06 -1 -0.000104
-0.774382 0 0.506786 -0.999132 0.18927 -7E-06 -1 -0.000104
-0.961729 9.6E-05 -0.426097 0.999807 0.19185 -7E-06 -1 -0.000104
-0.263445 0 0.492135 0.999575 0.219596 0 -1 0
-0.387036 0 0.492135 0.999576 0.312775 0 -1 0
-0.387036 0 0.480865 1.207891 0.998932 0 -1 0
-0.263445 0 0.480865 1.251929 0.998931 0 -1 -0.000106
-0.387036 0 0.480865 1.207891 0.998932 0 -1 -0.000106
-0.961729 9.6E-05 -0.426097 0.999807 0.19185 0 -1 -0.000106
0.263445 0 0.480865 1.439672 0.998928 0 -0.999998 -0.001752
-0.263445 0 0.480865 1.251929 0.998931 0 -0.999998 -0.001752
0.961729 9.6E-05 0.426097 0.999952 0.191408 0 -0.999998 -0.001752
0.387036 0 0.492135 0.999567 0.219537 0 -1 0
0.263445 0 0.492135 0.999568 0.3125 0 -1 0
0.263445 0 0.480865 1.439672 0.998928 0 -1 0
0.387036 0 0.480865 1.48371 0.998927 0 -0.999999 -0.001752
0.961729 9.6E-05 0.426097 0.999952 0.191408 0 -0.999999 -0.001752
0.774382 0 0.480865 1.621731 0.998925 0 -0.999999 -0.001752
0.089038 0.676265 0.494456 0.809822 0.654989 0.866025 -0.5 0
0.089038 0.676265 0.478512 0.830916 0.654989 0.866025 -0.5 0
0.104977 0.735752 0.478512 0.830916 0.665066 1 0 0
0.04549 0.632717 0.494456 0.809822 0.644912 0.5 -0.866025 0
0.04549 0.632717 0.478512 0.830916 0.644912 0.5 -0.866025 0
0.089038 0.676265 0.478512 0.830916 0.654989 0.866025 -0.5 0
-0.013997 0.616777 0.494456 0.809822 0.634835 0 -1 0
-0.013997 0.616777 0.478512 0.830916 0.634835 0 -1 0
0.04549 0.632717 0.478512 0.830916 0.644912 0.5 -0.866025 0
-0.073484 0.632717 0.494456 0.809822 0.745681 -0.5 -0.866025 0
-0.073484 0.632717 0.478512 0.830916 0.745681 -0.5 -0.866025 0
-0.013997 0.616777 0.478512 0.830916 0.755757 0 -1 0
-0.117032 0.676265 0.494456 0.809822 0.735604 -0.866026 -0.5 0
-0.117032 0.676265 0.478512 0.830916 0.735604 -0.866026 -0.5 0
-0.073484 0.632717 0.478512 0.830916 0.745681 -0.5 -0.866025 0
-0.132971 0.735752 0.494456 0.809822 0.725527 -1 0 0
-0.132971 0.735752 0.478512 0.830916 0.725527 -1 0 0
-0.117032 0.676265 0.478512 0.830916 0.735604 -0.866026 -0.5 0
-0.117032 0.795239 0.494456 0.809822 0.71545 -0.866025 0.5 0
-0.117032 0.795239 0.478512 0.830916 0.71545 -0.866025 0.5 0
-0.132971 0.735752 0.478512 0.830916 0.725527 -1 0 0
-0.073484 0.838787 0.494456 0.809822 0.705373 -0.5 0.866026 0
-0.073484 0.838787 0.478512 0.830916 0.705373 -0.5 0.866026 0
-0.117032 0.795239 0.478512 0.830916 0.71545 -0.866025 0.5 0
-0.013997 0.854726 0.494456 0.809822 0.695296 0 1 0
-0.013997 0.854726 0.478512 0.830916 0.695296 0 1 0
-0.073484 0.838787 0.478512 0.830916 0.705373 -0.5 0.866026 0
0.04549 0.838787 0.494456 0.809822 0.685219 0.5 0.866025 0
0.04549 0.838787 0.478512 0.830916 0.685219 0.5 0.866025 0
-0.013997 0.854726 0.478512 0.830916 0.695296 0 1 0
0.089038 0.795239 0.494456 0.809822 0.675143 0.866026 0.5 0
0.089038 0.795239 0.478512 0.830916 0.675143 0.866026 0.5 0
0.04549 0.838787 0.478512 0.830916 0.685219 0.5 0.866025 0
0.104977 0.735752 0.494456 0.809822 0.665066 1 0 0
0.104977 0.735752 0.478512 0.830916 0.665066 1 0 0
0.089038 0.795239 0.478512 0.830916 0.675143 0.866026 0.5 0
-0.013997 0.616777 0.494456 0.820079 0.938577 0 0 1
0.04549 0.632717 0.494456 0.767396 0.910892 0 0 1
0.089038 0.676265 0.494456 0.728829 0.835258 0 0 1
-0.117032 0.676265 0.494456 0.911328 0.835258 0 0 1
-0.073484 0.632717 0.494456 0.872762 0.910892 0 0 1
-0.013997 0.616777 0.494456 0.820079 0.938577 0 0 1
-0.117032 0.795239 0.494456 0.911328 0.62862 0 0 1
-0.132971 0.735752 0.494456 0.925445 0.731939 1E-06 0 1
-0.117032 0.676265 0.494456 0.911328 0.835258 0 0 1
-0.013997 0.854726 0.494456 0.820079 0.525301 0 0 1
-0.073484 0.838787 0.494456 0.872762 0.552986 0 0 1
-0.117032 0.795239 0.494456 0.911328 0.62862 0 0 1
0.089038 0.795239 0.494456 0.728829 0.62862 0 0 1
0.04549 0.838787 0.494456 0.767396 0.552986 0 0 1
-0.013997 0.854726 0.494456 0.820079 0.525301 0 0 1
0.089038 0.795239 0.494456 0.728829 0.62862 0 0 1
-0.117032 0.795239 0.494456 0.911328 0.62862 0 0 1
-0.013997 0.616777 0.494456 0.820079 0.938577 0 0 1
0.089038 0.795239 0.494456 0.728829 0.62862 0 0 1
0.089038 0.676265 0.494456 0.728829 0.835258 0 0 1
0.104977 0.735752 0.494456 0.714713 0.731939 1E-06 0 1
